# relative_time, cycles_done, cur_item, corpus_count, pending_total, pending_favs, map_size, saved_crashes, saved_hangs, max_depth, execs_per_sec, total_execs, edges_found
63, 0, 147, 354, 352, 13, 0.34%, 0, 16, 3, 1738.08, 43996, 226
68, 0, 18, 354, 349, 10, 0.34%, 0, 16, 3, 1858.00, 54217, 226
73, 0, 90, 354, 347, 9, 0.34%, 0, 17, 3, 1764.63, 60522, 226
79, 0, 228, 354, 345, 7, 0.34%, 0, 18, 3, 1791.75, 68025, 226
84, 0, 103, 354, 343, 5, 0.34%, 0, 18, 3, 1845.47, 76947, 226
89, 0, 129, 354, 340, 2, 0.34%, 0, 18, 3, 1934.70, 86867, 226
94, 0, 129, 354, 340, 2, 0.34%, 0, 19, 3, 1288.02, 92788, 226
99, 0, 354, 355, 341, 3, 0.34%, 0, 19, 3, 1697.91, 101906, 226
104, 0, 19, 355, 339, 4, 0.34%, 2, 19, 3, 1766.77, 110806, 226
109, 0, 138, 355, 338, 3, 0.34%, 2, 19, 3, 1832.25, 120028, 226
114, 0, 138, 355, 335, 0, 0.34%, 2, 19, 3, 1672.66, 127868, 226
119, 0, 129, 355, 335, 0, 0.34%, 2, 20, 3, 1492.82, 132849, 226
125, 0, 129, 355, 335, 0, 0.34%, 2, 20, 3, 1738.83, 142145, 226
130, 0, 129, 355, 335, 0, 0.34%, 2, 20, 3, 1674.81, 150478, 226
135, 0, 104, 355, 335, 0, 0.34%, 2, 20, 3, 1641.00, 158483, 226
140, 0, 129, 355, 335, 0, 0.34%, 2, 20, 3, 1589.61, 166904, 226
145, 0, 129, 355, 335, 0, 0.34%, 2, 20, 3, 1738.69, 175844, 226
150, 0, 129, 355, 335, 0, 0.34%, 2, 20, 3, 1621.44, 183880, 226
155, 0, 129, 355, 335, 0, 0.34%, 2, 20, 3, 1734.42, 192805, 226
160, 0, 129, 355, 335, 0, 0.34%, 2, 20, 3, 1689.09, 201436, 226
165, 0, 129, 355, 335, 0, 0.34%, 2, 20, 3, 1782.67, 210429, 226
170, 0, 103, 355, 335, 0, 0.34%, 2, 20, 3, 25.00, 214233, 226
175, 0, 129, 355, 335, 0, 0.34%, 2, 21, 3, 385.00, 214362, 226
180, 0, 129, 355, 335, 0, 0.34%, 2, 21, 3, 1788.37, 222727, 226
185, 0, 129, 355, 335, 0, 0.34%, 2, 21, 3, 1822.29, 231761, 226
190, 0, 129, 355, 335, 0, 0.34%, 2, 21, 3, 1747.13, 240646, 226
196, 0, 129, 355, 335, 0, 0.34%, 2, 21, 3, 1688.28, 249378, 226
201, 0, 129, 355, 335, 0, 0.34%, 2, 21, 3, 1692.92, 257943, 226
201, 0, 129, 355, 335, 0, 0.34%, 2, 21, 3, 1704.64, 259431, 226
