# relative_time, cycles_done, cur_item, corpus_count, pending_total, pending_favs, map_size, saved_crashes, saved_hangs, max_depth, execs_per_sec, total_execs, edges_found
61, 0, 179, 805, 16, 4, 0.13%, 0, 0, 2, 342.98, 23836, 109
66, 0, 179, 805, 16, 4, 0.13%, 0, 0, 2, 297.02, 25266, 109
71, 0, 179, 805, 16, 4, 0.13%, 0, 0, 2, 324.93, 26872, 109
76, 0, 179, 807, 18, 4, 0.25%, 4, 0, 2, 370.95, 28827, 215
81, 0, 804, 808, 15, 13, 0.27%, 4, 0, 3, 377.71, 30789, 229
86, 0, 807, 810, 15, 11, 0.28%, 6, 0, 4, 389.19, 32826, 233
91, 0, 807, 813, 18, 11, 0.28%, 6, 0, 4, 371.06, 34583, 235
96, 0, 807, 815, 20, 11, 0.28%, 9, 0, 4, 382.04, 36571, 235
102, 0, 807, 817, 22, 11, 0.28%, 10, 0, 4, 372.69, 38475, 238
107, 0, 807, 818, 23, 11, 0.28%, 10, 0, 4, 369.29, 40365, 239
112, 0, 807, 820, 25, 11, 0.29%, 10, 0, 4, 347.43, 42063, 241
117, 0, 807, 820, 25, 11, 0.29%, 10, 0, 4, 329.69, 43779, 241
122, 0, 807, 820, 25, 11, 0.29%, 10, 0, 4, 350.50, 45639, 241
127, 0, 807, 821, 26, 11, 0.29%, 11, 0, 4, 341.81, 47410, 242
132, 0, 807, 821, 26, 11, 0.29%, 11, 0, 4, 360.18, 49263, 242
138, 0, 807, 821, 26, 11, 0.29%, 11, 0, 4, 348.91, 51083, 242
143, 0, 807, 821, 26, 11, 0.29%, 11, 0, 4, 356.22, 52889, 242
148, 0, 807, 821, 26, 11, 0.29%, 11, 0, 4, 364.37, 54807, 242
153, 0, 807, 821, 26, 11, 0.29%, 11, 0, 4, 361.72, 56621, 242
158, 0, 807, 821, 26, 11, 0.29%, 11, 0, 4, 378.07, 58595, 242
163, 0, 807, 821, 26, 11, 0.29%, 11, 0, 4, 370.33, 60520, 242
169, 0, 807, 821, 26, 11, 0.29%, 11, 0, 4, 354.19, 62189, 242
174, 0, 807, 821, 26, 11, 0.29%, 13, 0, 4, 358.40, 64111, 242
179, 0, 807, 822, 27, 11, 0.29%, 13, 0, 4, 370.21, 65959, 243
184, 0, 820, 823, 27, 18, 0.29%, 15, 0, 5, 341.65, 67693, 244
189, 0, 820, 823, 27, 18, 0.29%, 16, 0, 5, 321.71, 69393, 244
194, 0, 811, 823, 25, 17, 0.29%, 16, 0, 5, 320.90, 70995, 244
199, 0, 811, 823, 25, 17, 0.29%, 16, 0, 5, 306.40, 72605, 244
204, 0, 800, 823, 24, 16, 0.29%, 16, 0, 5, 306.16, 74194, 244
209, 0, 822, 824, 24, 15, 0.29%, 16, 0, 6, 324.88, 75814, 245
