# relative_time, cycles_done, cur_item, corpus_count, pending_total, pending_favs, map_size, saved_crashes, saved_hangs, max_depth, execs_per_sec, total_execs, edges_found
62, 0, 0, 731, 731, 3, 11.17%, 0, 1, 2, 452.24, 24124, 2370
67, 0, 0, 754, 754, 3, 11.21%, 0, 1, 2, 343.76, 26072, 2378
72, 0, 0, 763, 763, 3, 11.21%, 0, 1, 2, 368.27, 28115, 2379
77, 0, 0, 782, 782, 3, 11.24%, 0, 1, 2, 475.36, 30316, 2385
82, 0, 0, 795, 795, 3, 11.26%, 0, 1, 2, 465.87, 32612, 2389
87, 0, 0, 809, 809, 3, 11.27%, 0, 1, 2, 464.47, 34880, 2392
92, 0, 0, 822, 822, 3, 11.29%, 0, 1, 2, 466.90, 37158, 2395
97, 0, 0, 834, 834, 3, 11.29%, 0, 1, 2, 472.91, 39510, 2396
103, 0, 0, 858, 858, 3, 11.32%, 0, 1, 2, 465.96, 41622, 2401
108, 0, 0, 880, 880, 3, 11.35%, 0, 1, 2, 438.42, 43814, 2409
113, 0, 0, 899, 899, 3, 11.39%, 0, 1, 2, 451.14, 46019, 2417
118, 0, 0, 911, 911, 3, 11.41%, 0, 1, 2, 460.94, 48229, 2420
123, 0, 0, 922, 922, 3, 11.45%, 0, 1, 2, 388.96, 50214, 2429
128, 0, 0, 938, 938, 3, 11.48%, 0, 1, 2, 322.07, 51713, 2436
133, 0, 0, 948, 948, 3, 11.49%, 0, 1, 2, 305.61, 53105, 2437
139, 0, 0, 965, 965, 3, 11.49%, 0, 1, 2, 355.20, 54907, 2438
144, 0, 0, 973, 973, 3, 11.49%, 0, 1, 2, 431.57, 57231, 2438
149, 0, 691, 981, 980, 153, 11.51%, 0, 1, 2, 395.65, 59023, 2441
154, 0, 691, 994, 993, 153, 11.51%, 0, 1, 3, 423.80, 61201, 2441
159, 0, 691, 1020, 1019, 153, 11.60%, 0, 1, 3, 388.41, 63105, 2461
164, 0, 691, 1038, 1037, 153, 11.60%, 0, 1, 3, 443.64, 65246, 2462
169, 0, 691, 1049, 1048, 153, 11.63%, 0, 1, 3, 435.13, 67467, 2467
174, 0, 691, 1059, 1058, 153, 11.65%, 0, 1, 3, 448.27, 69546, 2471
179, 0, 691, 1070, 1069, 153, 11.65%, 0, 1, 3, 428.00, 71679, 2471
185, 0, 691, 1076, 1075, 153, 11.66%, 0, 1, 3, 371.60, 73496, 2474
190, 0, 691, 1082, 1081, 153, 11.75%, 0, 1, 3, 356.38, 75316, 2493
195, 0, 691, 1088, 1087, 153, 11.75%, 0, 1, 3, 346.23, 76902, 2493
200, 0, 691, 1098, 1097, 153, 11.75%, 0, 1, 3, 449.11, 79326, 2493
205, 0, 691, 1103, 1102, 153, 11.75%, 0, 1, 3, 455.46, 81507, 2493
210, 0, 691, 1110, 1109, 153, 11.75%, 0, 1, 3, 456.88, 83806, 2493
215, 0, 691, 1114, 1113, 153, 11.76%, 0, 1, 3, 444.02, 86006, 2494
220, 0, 691, 1129, 1128, 153, 11.76%, 0, 1, 3, 490.70, 88589, 2494
226, 0, 855, 1135, 1133, 162, 11.76%, 0, 1, 3, 441.01, 90753, 2494
231, 0, 855, 1138, 1136, 162, 11.76%, 0, 1, 3, 417.58, 92615, 2494
236, 0, 855, 1149, 1147, 162, 11.76%, 0, 1, 3, 384.87, 94558, 2494
241, 0, 855, 1154, 1152, 162, 11.76%, 0, 1, 3, 397.65, 96266, 2495
246, 0, 855, 1158, 1156, 162, 11.76%, 1, 1, 3, 402.27, 98253, 2495
251, 0, 855, 1163, 1161, 162, 11.77%, 1, 1, 3, 378.14, 100110, 2497
256, 0, 855, 1167, 1165, 162, 11.77%, 1, 1, 3, 371.33, 101705, 2497
262, 0, 855, 1170, 1168, 162, 11.77%, 1, 1, 3, 363.65, 103584, 2498
267, 0, 855, 1171, 1169, 162, 11.77%, 1, 1, 3, 280.20, 105580, 2498
272, 0, 855, 1174, 1172, 162, 11.77%, 1, 1, 3, 436.40, 107972, 2498
277, 0, 855, 1178, 1176, 162, 11.77%, 1, 1, 3, 381.16, 109945, 2498
282, 0, 855, 1181, 1179, 162, 11.88%, 1, 1, 3, 408.99, 112053, 2520
287, 0, 855, 1183, 1181, 162, 11.88%, 1, 1, 3, 446.46, 114284, 2521
292, 0, 855, 1185, 1183, 162, 11.89%, 1, 1, 3, 444.02, 116362, 2523
297, 0, 855, 1189, 1187, 162, 11.89%, 1, 1, 3, 443.23, 118542, 2523
302, 0, 855, 1190, 1188, 162, 11.89%, 1, 1, 3, 496.34, 120670, 2523
308, 0, 855, 1192, 1190, 162, 11.89%, 1, 1, 3, 436.05, 122817, 2523
313, 0, 855, 1193, 1191, 162, 11.89%, 1, 1, 3, 410.33, 124635, 2523
318, 0, 1181, 1195, 1192, 160, 11.89%, 1, 1, 3, 423.90, 126905, 2523
323, 0, 884, 1195, 1191, 159, 11.89%, 1, 1, 3, 425.13, 128995, 2523
328, 0, 884, 1199, 1195, 159, 11.92%, 1, 1, 3, 431.25, 130863, 2530
333, 0, 884, 1210, 1206, 159, 12.00%, 1, 1, 3, 428.08, 132932, 2546
338, 0, 884, 1217, 1213, 159, 12.07%, 1, 1, 3, 427.22, 135133, 2560
341, 0, 884, 1219, 1215, 159, 12.07%, 1, 1, 3, 420.87, 135988, 2560
